depth	min	max	median	mean
0	-67	-62	-64	-64
1	-66	-61	-63	-63
2	-65	-60	-63	-63
3	-65	-59	-62	-62
4	-64	-58	-61	-61
5	-64	-57	-60	-60
6	-62	-56	-59	-59
7	-61	-55	-58	-58
8	-60	-53	-57	-57
9	-60	-51	-56	-56
10	-59	-48	-55	-54
11	-58	-46	-53	-53
12	-57	-43	-52	-51
13	-57	-39	-50	-50
14	-56	-35	-49	-48
15	-56	-31	-48	-46
16	-55	-29	-46	-45
17	-54	-26	-44	-43
18	-53	-23	-42	-41
19	-52	-20	-40	-39
20	-52	-15	-39	-37
21	-51	-14	-37	-36
22	-50	-12	-35	-34
23	-49	-9	-34	-32
24	-48	-6	-32	-31
25	-47	-3	-30	-29
26	-46	-1	-29	-27
27	-45	1	-27	-26
28	-44	3	-25	-24
29	-43	6	-23	-22
30	-42	9	-22	-20
31	-40	11	-20	-19
32	-39	13	-18	-17
33	-38	14	-16	-15
34	-37	17	-14	-13
35	-37	19	-13	-12
36	-35	21	-11	-10
37	-34	23	-9	-8
38	-32	26	-7	-6
39	-31	29	-6	-5
40	-30	32	-4	-3
41	-28	34	-2	-1
42	-26	36	-1	0
43	-25	38	1	2
44	-24	40	3	4
45	-23	43	4	5
46	-21	44	6	7
47	-19	45	7	9
48	-18	48	9	11
49	-16	49	11	12
50	-15	52	12	14
51	-13	54	14	16
52	-12	56	15	17
53	-11	58	17	19
54	-10	61	19	20
55	-9	65	20	22
56	-6	66	22	24
57	-4	68	24	26
58	-3	70	26	27
59	-2	72	27	29
60	-1	75	29	31
61	2	77	31	32
62	3	78	32	34
63	5	80	34	36
64	7	82	36	38
65	8	84	37	39
66	11	85	39	41
67	13	87	40	43
68	14	89	42	44
69	16	90	44	46
70	17	92	45	48
71	19	94	47	49
72	21	96	48	51
73	23	98	50	53
74	24	100	51	54
75	25	102	52	56
76	27	104	54	58
77	28	105	56	59
78	30	107	58	61
79	30	110	59	63
80	31	113	61	65
81	33	114	62	66
82	34	116	64	68
83	35	117	66	69
84	36	119	67	71
85	37	121	69	73
86	39	123	71	74
87	40	125	72	76
88	42	126	74	78
89	43	128	76	79
90	44	130	77	81
91	46	131	79	82
92	47	132	81	84
93	49	134	83	86
94	50	136	84	87
95	51	138	86	89
96	52	139	87	91
97	54	140	88	92
98	55	141	90	94
99	57	143	91	96
100	58	145	93	97
101	60	146	95	99
102	61	147	96	101
103	62	149	98	102
104	64	150	100	104
105	64	151	101	106
106	66	152	103	107
107	68	155	104	109
108	69	157	106	111
109	70	159	107	112
110	72	162	109	114
110.00002	72	162	109	114
111	72	162	109	114
112	72	162	109	114
113	72	162	109	114
114	72	162	109	114
114.00002	72	162	109	114
115	74	163	110	116
116	75	164	112	117
117	76	166	113	119
118	78	168	115	120
119	79	170	116	122
120	81	171	118	124
121	82	172	120	125
122	84	173	122	127
123	85	175	124	128
124	86	177	125	130
125	87	178	127	131
126	88	179	129	133
127	90	180	131	135
128	91	181	133	136
129	92	183	135	138
130	93	184	137	140
131	95	185	138	141
132	96	187	140	143
133	97	188	142	144
134	98	189	143	145
135	100	190	145	147
136	102	192	147	148
137	103	193	148	150
138	105	194	150	151
139	105	196	152	153
140	107	198	154	155
141	109	199	156	156
142	110	200	158	158
143	112	201	159	159
144	113	203	161	161
145	114	204	162	162
146	116	205	164	164
147	117	206	166	166
148	118	207	168	167
149	120	209	170	169
150	121	210	171	170
151	124	211	173	172
152	126	212	175	173
153	126	213	177	175
154	127	215	179	177
155	129	216	180	178
156	131	217	182	180
157	133	218	184	181
158	134	219	185	183
159	135	221	187	184
160	138	222	189	186
161	139	223	190	187
162	141	223	192	189
163	143	225	194	190
164	144	226	196	192
165	147	227	197	193
165.00002	147	227	197	193
166	147	227	197	193
167	147	227	197	193
168	147	227	197	193
168.00002	147	227	197	193
169	149	228	199	195
170	150	229	201	197
171	151	230	203	198
172	152	232	204	200
173	155	233	206	201
174	157	234	209	203
175	159	234	210	204
176	160	236	212	206
177	162	237	214	208
178	164	238	216	209
179	166	239	218	211
180	168	240	220	212
181	170	241	222	214
182	171	242	224	215
183	173	243	225	217
184	174	244	226	218
185	175	245	227	219
185.00002	175	245	227	219
186	175	245	227	219
187	175	245	227	219
188	175	245	227	219
189	175	245	227	219
190	175	245	227	219
190.00002	175	245	227	219
191	176	247	228	220
192	177	249	229	221
193	178	249	230	222
194	180	250	231	224
195	182	251	232	225
196	183	252	233	226
197	185	253	233	227
198	186	254	234	228
199	188	255	235	229
200	188	256	236	231
201	190	258	237	232
202	191	259	238	233
203	194	259	239	234
204	196	260	240	235
205	197	261	241	236
206	198	263	242	238
207	199	264	243	239
208	201	265	244	240
209	203	266	245	241
210	204	267	246	242
211	205	268	247	244
212	206	269	248	245
213	208	269	250	246
214	210	271	251	247
215	211	271	252	248
216	213	272	253	249
217	214	274	254	250
218	216	274	255	252
219	217	275	256	253
220	219	276	257	254
221	221	277	258	255
222	222	278	259	256
222.00002	222	278	259	256
223	222	278	259	256
224	222	278	259	256
225	222	278	259	256
226	222	278	259	256
226.00002	222	278	259	256
227	224	279	260	257
228	226	280	261	258
229	228	281	262	259
230	230	282	263	261
231	231	283	264	262
232	233	284	265	263
233	235	285	266	264
234	236	285	267	265
235	237	286	268	266
236	239	287	269	267
237	241	288	270	269
238	243	289	271	270
239	245	290	273	271
240	246	291	274	272
241	247	292	275	273
242	250	293	276	274
243	252	293	277	275
244	254	294	278	277
245	255	295	279	278
246	257	296	280	279
247	259	297	281	280
248	261	297	282	281
249	264	298	283	282
250	265	299	284	283
251	267	300	285	285
252	268	301	286	286
253	269	302	287	287
254	270	303	288	288
255	271	305	289	289
256	272	306	290	290
257	273	307	291	291
258	275	308	292	292
259	275	310	293	293
260	276	311	294	294
261	277	313	295	295
262	278	314	296	296
263	279	315	298	297
264	280	316	299	299
265	281	318	300	300
266	282	319	301	301
267	284	320	302	302
268	285	321	303	303
269	286	323	304	304
270	287	324	305	305
271	288	325	306	306
272	289	326	307	307
273	290	327	308	308
274	291	328	309	309
275	293	329	310	311
276	293	331	311	312
277	295	331	312	313
278	296	332	313	314
279	297	333	314	315
280	298	335	316	316
281	299	336	317	317
282	301	337	318	318
283	303	338	319	319
284	304	339	320	320
285	306	340	321	321
286	307	342	322	323
287	308	343	323	323
288	309	343	324	324
289	310	345	325	325
290	310	346	326	326
291	311	347	326	327
292	311	348	327	328
293	312	349	328	329
294	313	350	329	330
295	314	351	330	331
296	314	352	331	331
297	315	353	332	332
298	316	354	332	333
299	317	356	333	334
300	318	357	334	335
301	319	358	335	336
302	320	359	336	337
303	320	360	337	338
304	321	361	337	339
305	322	362	338	339
306	322	364	339	340
307	323	365	340	341
308	324	365	341	342
309	325	367	342	343
310	326	368	343	344
311	327	369	344	345
312	328	370	344	346
313	328	371	345	347
314	329	373	346	347
315	330	374	347	348
316	331	376	348	349
317	332	377	349	350
318	333	378	349	351
318.00002	333	378	349	351
319	333	378	349	351
319.00002	333	378	349	351
320	333	378	350	352
321	334	379	351	353
322	335	381	352	354
323	336	382	353	355
324	337	383	354	356
325	337	384	355	357
326	338	385	356	358
327	339	386	357	358
328	340	387	358	360
329	341	388	359	361
330	341	390	360	362
331	342	391	361	363
332	342	392	362	364
333	344	393	363	365
334	345	394	364	366
335	346	395	365	367
336	346	396	366	368
337	347	398	367	369
338	348	398	368	370
339	349	399	369	371
340	349	400	370	372
341	350	402	371	373
342	351	404	372	374
343	352	404	373	375
344	353	405	374	376
345	354	406	376	377
346	354	407	377	378
347	355	408	378	379
348	356	409	379	380
349	357	411	379	381
350	358	412	380	382
351	359	413	381	383
352	360	414	383	384
353	361	415	384	385
354	362	416	385	386
355	363	417	386	387
356	364	418	387	388
357	364	420	388	390
358	366	420	389	391
359	367	421	390	392
360	368	422	391	393
361	368	424	392	394
362	369	425	393	395
363	370	426	394	396
364	371	426	395	397
365	372	427	396	398
366	373	428	397	399
367	373	430	398	400
368	375	431	399	401
369	375	432	400	402
370	376	433	401	403
371	377	434	402	404
372	378	435	403	405
373	379	436	404	406
374	381	437	405	407
375	381	437	406	408
376	382	438	407	409
377	382	440	408	410
378	384	440	409	411
379	385	441	410	412
380	386	442	411	413
381	387	443	412	414
382	388	444	414	415
383	389	445	415	416
384	391	446	416	417
385	392	447	417	418
386	393	447	418	419
387	394	448	419	420
388	395	449	420	422
389	397	449	421	423
390	398	451	422	424
391	399	452	424	425
392	400	453	425	426
393	401	453	426	427
394	403	454	427	428
395	404	455	428	429
396	405	456	429	430
397	406	457	431	431
398	408	457	432	432
399	410	458	433	433
400	411	459	434	434
401	412	460	435	435
402	413	461	436	436
403	414	461	437	437
404	416	462	438	438
405	417	462	439	439
406	418	463	440	440
407	419	464	441	441
408	421	465	442	442
409	423	466	443	443
410	424	466	444	444
411	425	467	445	445
412	426	468	446	446
413	427	469	447	447
414	428	469	448	448
415	429	470	449	449
416	430	471	450	450
417	431	472	451	451
418	432	472	451	452
419	433	473	452	453
420	434	473	453	454
421	435	474	454	454
422	435	475	455	455
423	437	476	456	456
424	438	477	457	457
425	439	478	458	458
426	439	479	459	459
427	440	480	460	460
428	441	480	461	461
429	442	481	462	462
430	443	482	463	463
431	444	483	464	464
432	445	484	465	465
433	446	485	466	466
434	448	486	467	467
435	449	487	468	468
436	450	487	470	469
437	450	489	471	471
438	452	489	472	471
439	453	490	473	472
440	454	491	474	473
441	455	492	475	474
442	456	492	476	475
443	457	493	477	476
444	459	494	478	477
445	460	495	479	478
446	461	496	480	480
447	461	497	481	481
448	463	498	482	482
449	464	499	483	483
450	466	500	484	484
451	467	501	485	485
452	468	502	486	486
453	469	503	487	487
454	470	504	488	488
455	471	505	489	489
456	472	506	490	490
457	472	507	491	491
458	473	508	492	492
459	474	509	493	493
460	475	511	494	494
461	476	512	495	495
462	477	514	496	496
463	478	514	497	497
464	479	515	498	498
465	480	516	499	499
466	481	517	500	500
467	482	519	501	501
468	483	519	502	502
469	484	520	503	503
470	485	521	504	504
471	486	522	505	505
472	487	524	506	506
473	488	525	507	507
474	490	525	508	508
475	491	526	509	509
476	492	527	510	510
477	492	529	511	511
478	494	529	512	512
479	495	530	513	513
480	496	531	514	514
481	497	532	515	515
482	497	533	516	516
483	499	534	517	517
484	500	535	518	518
485	501	536	519	519
486	502	537	520	520
487	503	538	522	521
488	505	539	523	522
489	506	539	524	523
490	507	540	525	524
491	508	541	526	525
492	509	543	527	526
493	510	543	528	527
494	512	544	529	528
495	513	545	530	530
496	514	546	531	531
497	515	547	532	532
498	517	548	533	533
499	519	549	534	534
500	520	550	536	535
501	521	552	537	537
502	521	554	538	538
503	523	555	539	539
504	524	556	541	540
505	525	557	542	542
506	526	559	543	543
507	527	560	544	544
508	528	561	545	545
509	530	562	547	546
510	531	563	548	548
511	532	564	549	549
512	533	566	550	550
513	534	567	551	551
514	536	568	553	553
515	537	569	554	554
516	538	570	555	555
517	539	571	557	556
518	541	571	558	558
519	543	572	559	559
520	544	573	561	560
521	546	574	562	561
522	547	576	563	562
523	549	577	564	564
524	551	577	565	565
525	552	578	567	566
526	553	579	568	567
527	554	581	569	569
528	557	581	570	570
529	558	582	571	571
530	560	583	573	572
531	561	584	574	573
532	562	586	575	575
533	563	587	576	576
534	564	588	577	577
535	565	589	578	578
536	566	591	579	579
537	567	593	580	580
538	568	595	581	581
539	569	596	582	582
540	570	597	583	583
541	570	599	584	584
542	571	601	585	585
543	572	602	586	586
544	573	603	587	587
545	574	604	588	588
546	574	606	589	590
547	575	608	590	591
548	576	608	591	592
549	577	610	592	593
550	578	611	593	594
551	579	612	594	595
552	579	614	595	596
553	580	615	596	597
554	581	616	597	598
555	582	617	599	599
556	583	619	600	600
557	583	620	601	601
558	584	621	602	602
559	586	622	603	603
560	586	623	604	604
561	587	624	605	605
562	588	626	606	606
563	589	627	607	607
564	590	628	608	608
565	591	629	609	609
566	592	630	610	610
567	592	631	611	611
568	593	632	613	613
569	595	633	614	614
570	596	634	615	615
571	596	635	616	616
572	597	637	617	617
573	598	638	618	618
574	599	639	619	619
575	600	640	620	620
576	601	641	621	621
577	602	643	622	622
578	603	644	623	623
579	605	644	624	624
580	606	645	625	625
581	607	646	627	627
582	608	648	628	628
583	609	648	629	629
584	610	649	630	630
585	611	650	631	631
586	612	651	632	632
587	613	653	633	633
588	614	653	634	634
589	616	654	635	635
590	617	655	636	636
591	617	656	637	637
592	618	658	638	638
593	620	658	639	639
594	621	659	640	640
595	622	660	642	642
596	623	661	643	643
597	624	663	644	644
598	626	664	645	645
599	627	665	646	646
600	628	666	647	647
601	628	667	648	648
601.00002	628	667	648	648
602	628	667	648	648
602.00002	628	667	648	648
603	629	668	649	649
604	631	669	650	650
605	632	669	651	651
605.00002	632	669	651	651
606	632	669	651	651
607	632	669	651	651
608	632	669	651	651
609	632	669	651	651
609.00002	632	669	651	651
610	634	670	652	652
611	635	671	653	653
612	636	672	654	654
613	637	673	655	655
614	639	674	656	656
615	640	675	658	657
616	641	676	659	659
617	642	677	660	660
618	644	678	661	661
619	645	679	662	662
620	646	680	663	663
621	647	681	664	664
622	648	682	665	665
623	650	682	666	666
624	651	683	667	667
625	652	685	668	668
626	653	686	669	669
627	654	688	670	670
628	655	688	671	671
629	656	690	672	672
630	657	691	673	673
631	657	692	674	675
632	658	695	675	676
633	659	696	677	677
634	660	697	678	678
635	661	698	679	679
636	662	700	680	680
637	662	703	681	681
638	663	703	682	682
639	665	704	683	683
640	666	706	684	684
641	666	707	685	686
642	667	709	686	687
643	668	710	687	688
644	669	711	688	689
645	670	712	690	690
646	671	714	691	691
647	671	716	692	692
648	673	717	693	693
649	675	718	694	694
650	675	720	695	695
651	676	721	696	697
652	677	723	697	698
653	678	724	698	699
654	679	725	699	700
655	680	726	700	701
656	681	728	701	702
657	682	729	703	703
658	683	731	704	704
659	684	732	705	705
660	685	733	706	706
661	686	735	707	708
662	687	736	708	709
663	688	737	709	710
664	689	739	710	711
665	690	740	711	712
666	691	741	712	713
667	692	743	713	714
668	693	744	715	715
669	694	745	716	717
670	695	747	717	718
671	695	748	718	719
672	696	750	719	720
673	698	751	720	721
674	699	752	721	722
675	700	753	722	723
676	701	755	724	724
677	702	756	725	725
678	703	757	726	727
679	704	758	727	728
680	705	759	728	729
681	706	761	729	730
682	707	763	730	731
683	709	763	731	732
684	710	764	732	733
685	711	765	733	734
686	712	767	734	735
687	713	768	735	736
688	715	769	736	738
689	716	770	737	739
690	717	771	738	740
691	718	773	739	741
692	718	774	740	742
693	720	775	741	743
694	721	776	742	744
695	722	777	744	745
696	724	778	745	746
697	725	780	746	747
698	726	781	747	749
699	728	782	748	750
700	729	783	749	751
701	730	784	750	752
702	731	786	751	753
703	732	787	752	754
704	733	788	753	755
705	734	789	754	756
706	734	791	755	757
707	735	792	756	758
708	736	793	757	759
709	736	794	758	760
710	737	795	759	761
711	738	796	760	762
712	738	798	761	763
713	739	799	762	764
714	740	800	763	765
715	741	801	764	766
716	742	802	765	767
717	742	804	767	768
718	743	805	768	769
719	744	806	769	771
720	745	807	770	772
