depth	min	max	median	mean
0	-66	-57	-63	-63
1	-64	-56	-61	-61
2	-63	-56	-60	-60
3	-62	-55	-58	-58
4	-62	-53	-57	-57
5	-61	-51	-55	-55
6	-60	-51	-54	-55
7	-59	-51	-54	-54
8	-59	-50	-53	-53
9	-58	-49	-52	-52
10	-57	-47	-51	-52
11	-57	-47	-51	-51
12	-56	-46	-50	-51
13	-56	-46	-50	-50
14	-56	-45	-50	-50
15	-55	-44	-49	-49
16	-55	-44	-49	-49
17	-54	-43	-48	-49
18	-54	-43	-48	-48
19	-54	-42	-48	-48
20	-53	-41	-47	-47
21	-53	-41	-47	-47
22	-52	-41	-46	-46
23	-52	-40	-46	-46
24	-52	-40	-46	-46
25	-51	-39	-45	-45
26	-51	-39	-45	-45
27	-50	-39	-44	-44
28	-50	-38	-44	-44
29	-50	-38	-44	-44
30	-49	-37	-43	-43
31	-49	-37	-43	-43
32	-48	-36	-42	-42
33	-48	-36	-42	-42
34	-48	-35	-42	-41
35	-47	-35	-41	-41
36	-47	-35	-41	-41
37	-46	-34	-40	-40
38	-46	-34	-40	-40
39	-46	-33	-39	-39
40	-45	-33	-39	-39
41	-44	-33	-38	-38
42	-44	-32	-38	-38
43	-43	-32	-37	-38
44	-43	-32	-37	-37
45	-43	-31	-37	-37
46	-42	-31	-36	-36
47	-41	-31	-36	-36
48	-41	-30	-35	-35
49	-41	-30	-35	-35
50	-40	-29	-35	-35
51	-39	-29	-34	-34
52	-39	-29	-34	-34
53	-39	-29	-33	-33
54	-38	-28	-33	-33
55	-38	-28	-33	-33
56	-37	-28	-32	-32
57	-37	-27	-32	-32
58	-36	-27	-31	-31
59	-36	-27	-31	-31
60	-35	-26	-31	-31
61	-34	-26	-30	-30
62	-33	-26	-30	-30
63	-32	-25	-29	-29
64	-31	-25	-29	-29
65	-31	-24	-28	-28
66	-30	-23	-27	-27
67	-30	-22	-26	-26
68	-29	-21	-25	-25
69	-29	-19	-24	-24
70	-29	-17	-23	-23
71	-27	-17	-22	-22
72	-25	-17	-21	-21
73	-24	-16	-20	-20
74	-23	-16	-19	-19
75	-22	-15	-18	-18
76	-21	-14	-17	-17
77	-20	-14	-16	-17
78	-19	-13	-16	-16
79	-19	-13	-15	-15
80	-18	-11	-15	-15
81	-18	-11	-14	-14
82	-17	-11	-14	-14
83	-17	-10	-13	-13
84	-16	-10	-13	-13
85	-16	-9	-13	-13
86	-16	-9	-12	-12
87	-15	-8	-12	-12
88	-15	-8	-11	-11
89	-14	-8	-11	-11
90	-14	-7	-11	-11
91	-13	-7	-10	-10
92	-12	-6	-10	-10
93	-11	-6	-9	-9
94	-11	-5	-9	-9
95	-11	-5	-8	-8
96	-9	-4	-7	-7
97	-8	-3	-6	-6
98	-7	-2	-5	-5
98.00002	-7	-2	-5	-5
99	-7	-2	-5	-5
99.00002	-7	-2	-5	-5
100	-6	-1	-4	-4
101	-6	1	-3	-3
102	-5	1	-3	-3
103	-4	2	-2	-2
104	-4	2	-2	-2
105	-4	3	-2	-1
106	-4	5	-1	-1
107	-3	5	-1	0
108	-3	6	-1	0
109	-3	6	-1	0
110	-3	7	0	1
111	-3	8	0	1
112	-2	9	0	1
113	-2	9	1	2
114	-2	10	1	2
115	-1	11	2	3
116	-1	12	2	3
117	-1	13	3	4
118	0	13	4	5
119	0	14	4	5
120	0	15	5	6
121	0	16	6	6
122	1	16	7	7
123	1	17	7	8
124	2	18	8	8
125	2	19	9	9
126	2	20	9	10
127	3	20	10	10
128	3	21	11	11
129	4	22	11	12
130	4	22	12	12
131	4	23	13	13
132	5	24	14	14
133	6	24	14	14
134	6	25	15	15
135	7	26	16	16
136	7	27	16	16
137	8	27	17	17
138	8	28	18	18
139	9	28	19	18
140	9	29	19	19
141	10	30	20	20
142	10	31	21	20
143	11	31	21	21
144	11	32	22	22
145	12	33	23	23
146	12	34	23	23
147	13	34	24	24
148	13	35	25	25
149	14	36	26	25
150	14	37	26	26
151	14	37	27	27
152	15	38	28	27
153	16	38	28	28
154	16	39	29	28
155	16	40	29	29
156	17	41	30	29
157	18	41	30	30
158	18	42	31	31
159	19	42	32	31
160	19	43	32	32
161	19	44	33	32
162	20	44	33	33
163	21	45	34	33
164	21	45	34	34
165	22	46	35	35
166	22	47	35	35
167	23	47	36	36
168	23	48	36	36
169	24	48	37	37
170	24	49	37	37
171	25	50	38	38
172	25	50	38	38
173	26	51	39	39
174	27	52	40	40
175	27	52	40	40
176	28	53	41	41
177	29	53	41	41
178	29	54	42	42
179	30	54	42	42
180	30	55	43	43
181	30	56	43	43
182	31	56	44	44
183	32	57	45	45
184	33	57	45	45
185	33	58	46	46
186	34	59	46	46
187	34	59	47	47
188	35	60	47	47
189	35	60	48	48
190	36	61	48	48
191	36	62	49	49
192	37	62	49	49
193	37	63	50	50
194	38	63	50	51
195	38	64	51	51
196	39	65	52	52
197	40	65	52	52
198	40	66	53	53
199	41	66	53	53
200	41	67	54	54
201	42	68	54	54
202	42	68	55	55
203	43	69	56	56
204	43	69	56	56
205	44	70	57	57
206	44	70	57	57
207	45	71	58	58
208	46	71	58	58
209	46	72	59	59
210	46	73	59	59
211	47	73	60	60
212	47	74	61	61
213	48	74	61	61
214	48	74	62	62
215	49	75	62	62
216	49	76	63	63
217	50	76	63	63
218	51	77	64	64
219	51	77	65	64
220	52	78	65	65
221	52	79	66	65
222	53	79	66	66
223	54	79	67	66
224	54	80	67	67
225	54	81	68	68
226	55	81	68	68
227	55	82	69	69
228	56	82	70	69
229	57	83	70	70
230	57	83	71	70
231	58	84	71	71
232	58	84	72	71
233	59	85	72	72
234	59	85	73	72
235	60	86	73	73
236	60	86	74	73
237	61	87	74	74
238	61	87	75	74
239	62	88	75	75
240	62	88	76	75
241	62	89	76	76
242	63	89	77	76
243	63	90	77	77
244	64	90	78	77
245	64	91	78	78
246	64	91	78	78
247	65	92	79	79
248	66	92	79	79
249	66	92	80	80
250	66	93	81	80
251	67	93	81	81
252	67	94	82	81
253	68	94	82	82
254	68	95	82	82
255	69	96	83	83
256	69	96	84	83
257	70	97	84	84
258	70	97	85	84
259	71	98	85	85
260	71	98	85	85
261	71	99	86	86
262	72	99	86	86
263	73	99	87	87
264	73	100	87	87
265	74	100	88	88
266	74	101	88	88
267	74	101	89	89
268	75	102	89	89
269	76	102	90	90
270	76	103	90	90
271	76	103	91	91
272	77	104	91	91
273	77	104	92	92
274	78	105	92	92
275	78	105	93	92
276	79	106	93	93
277	79	106	94	93
278	80	106	94	94
279	80	107	95	94
280	81	107	95	95
281	81	108	96	95
281.00002	81	108	96	95
282	81	108	96	95
283	81	108	96	95
284	81	108	96	95
285	81	108	96	95
286	81	108	96	95
287	81	108	96	95
287.00002	81	108	96	95
288	82	109	96	96
289	82	109	97	96
290	83	109	97	97
290.00002	83	109	97	97
291	83	109	97	97
291.00002	83	109	97	97
292	83	110	98	97
293	84	110	98	98
294	84	111	99	98
295	85	111	99	99
296	85	111	100	99
297	86	112	101	100
298	86	112	101	100
299	86	113	102	101
300	87	113	102	101
301	87	114	103	102
302	88	114	103	102
303	88	115	104	103
304	89	115	104	103
305	90	115	105	104
306	90	116	105	104
306.00002	90	116	105	104
307	90	116	105	104
308	90	116	105	104
309	90	116	105	104
310	90	116	105	104
311	90	116	105	104
311.00002	90	116	105	104
312	91	116	106	105
313	91	117	106	105
314	92	117	107	106
315	92	118	107	106
316	93	118	108	107
317	93	119	108	107
318	94	119	109	108
319	94	120	109	108
320	95	120	110	109
321	95	121	110	109
322	95	122	111	110
323	96	123	111	110
324	97	123	112	111
325	97	124	112	112
326	98	124	113	112
327	98	125	113	113
328	98	126	114	113
329	99	126	114	114
330	99	126	115	114
331	100	127	115	115
332	100	127	116	115
333	101	128	116	116
334	102	128	117	116
335	102	129	118	117
336	103	129	118	117
337	103	130	119	118
338	104	131	119	118
339	104	131	120	119
340	105	131	120	120
341	105	132	121	120
342	106	132	121	121
343	106	133	122	121
344	107	134	123	122
345	108	134	123	122
346	108	135	124	123
347	109	135	124	123
348	109	136	125	124
349	110	136	125	124
350	110	137	126	125
351	111	137	126	125
352	112	137	127	126
353	112	138	127	126
354	113	138	128	127
355	113	139	128	128
356	114	139	129	128
357	114	140	130	129
358	115	140	130	129
359	115	140	131	130
360	116	141	131	130
361	116	141	132	131
362	117	142	132	131
362.00002	117	142	132	131
363	117	142	132	131
363.00002	117	142	132	131
364	117	142	133	132
365	118	142	133	132
366	118	143	134	133
367	119	144	134	133
368	119	144	135	134
369	120	145	135	134
370	121	145	136	135
371	121	146	136	136
372	122	146	137	136
373	123	147	137	137
374	123	148	138	137
375	124	148	138	138
376	125	149	139	138
377	125	149	139	139
378	126	150	140	139
379	126	151	140	140
380	127	151	141	141
381	128	151	142	141
382	129	152	142	142
383	129	153	143	142
384	130	153	143	143
385	131	154	144	143
386	132	154	144	144
387	132	155	145	145
388	133	155	145	145
389	133	156	146	146
390	134	156	146	146
391	135	157	147	147
392	136	157	147	147
393	136	158	148	148
394	137	158	149	148
395	137	159	149	149
396	138	159	150	149
397	139	160	150	150
398	140	160	151	151
399	141	161	151	151
400	142	161	152	152
401	142	162	152	152
402	143	162	153	153
403	144	163	153	153
404	144	163	154	154
405	145	164	154	154
406	146	164	155	155
407	147	164	155	156
408	148	165	156	156
409	148	166	157	157
410	149	166	157	157
411	150	166	158	158
412	151	167	158	158
413	152	167	159	159
414	152	168	159	159
415	153	168	160	160
416	154	169	160	160
416.00002	154	169	160	160
417	154	169	160	160
418	154	169	160	160
419	154	169	160	160
420	154	169	160	160
421	154	169	160	160
422	154	169	160	160
422.00002	154	169	160	160
423	155	169	161	161
424	155	170	161	161
425	155	171	162	162
426	156	171	162	163
427	156	172	163	163
428	157	173	163	164
429	157	174	164	164
430	157	175	164	165
431	158	175	164	165
432	158	176	165	166
433	159	177	165	166
434	159	177	166	167
435	160	179	166	167
436	160	179	167	168
437	161	179	167	168
438	161	180	168	169
439	162	181	168	169
440	162	182	168	170
441	163	182	169	170
442	163	183	169	171
443	164	183	170	171
444	164	184	170	172
445	164	185	171	172
446	165	185	171	173
447	165	186	172	174
448	166	187	173	174
449	166	188	173	175
450	166	189	174	175
451	167	189	175	176
452	168	190	175	177
453	168	191	176	177
454	168	192	177	178
455	169	193	177	179
456	169	193	178	179
457	169	194	179	180
458	170	194	179	180
459	170	195	180	181
460	171	196	181	182
461	171	197	181	182
462	172	197	182	183
463	172	198	183	183
464	173	199	183	184
465	173	200	184	185
466	174	200	185	185
467	174	201	185	186
468	175	201	186	187
469	175	202	187	187
470	176	203	187	188
471	176	204	188	188
472	177	204	188	189
473	177	205	189	190
474	178	206	190	190
475	178	206	190	191
476	179	207	191	191
477	180	208	192	192
478	180	208	192	193
479	181	209	193	193
480	181	210	194	194
481	182	210	194	195
482	182	211	195	195
483	183	211	195	196
484	183	212	196	196
485	184	213	197	197
486	185	214	197	198
487	185	214	198	198
488	186	215	198	199
489	186	215	199	199
490	187	216	200	200
491	187	216	200	201
492	188	217	201	201
493	188	218	202	202
494	189	218	202	203
495	189	219	203	203
496	190	220	203	204
497	191	220	204	204
498	191	221	205	205
499	192	222	205	206
500	192	222	206	206
501	193	223	206	207
502	194	224	207	207
503	194	225	208	208
504	195	225	208	209
505	195	226	209	209
506	196	227	210	210
507	197	227	210	210
508	198	228	211	211
509	198	228	212	212
510	199	229	212	212
511	199	229	213	213
512	200	230	213	214
513	201	230	214	214
514	202	231	215	215
515	202	232	215	215
516	203	233	216	216
517	204	233	217	217
518	204	234	218	218
519	205	235	219	219
520	205	237	219	220
521	206	237	220	220
522	207	238	221	221
523	208	239	222	222
524	208	239	223	223
525	208	241	223	223
526	209	241	224	224
527	210	242	225	225
528	211	242	226	226
529	211	243	227	227
530	212	245	228	228
531	213	246	228	229
532	214	246	229	229
533	214	247	230	230
534	215	248	231	231
535	215	249	232	232
536	216	250	233	233
537	217	250	233	233
538	218	251	234	234
539	218	252	235	235
540	219	253	236	236
541	220	253	237	237
542	221	254	237	238
543	222	255	238	238
544	222	256	239	239
545	223	257	240	240
546	224	257	241	241
547	224	258	242	242
548	225	259	243	242
549	226	259	243	243
550	226	261	244	244
551	227	261	245	245
552	228	262	246	246
553	229	263	247	246
554	229	264	247	247
555	230	265	248	248
556	231	265	249	249
557	232	266	250	250
558	232	267	251	250
559	233	267	252	251
560	233	268	252	252
561	234	269	253	253
562	235	269	254	254
563	236	270	255	254
564	236	271	256	255
565	237	272	257	256
566	238	272	258	257
567	239	273	258	258
568	239	273	259	258
569	240	274	260	259
570	241	275	261	260
571	242	276	262	261
572	242	277	263	262
573	243	278	263	262
574	243	279	264	263
575	244	280	265	264
576	245	280	266	265
577	245	281	266	265
578	246	281	267	266
579	246	282	267	266
580	247	283	268	267
581	248	283	268	267
582	249	283	269	268
583	249	284	270	269
584	250	285	270	269
585	250	285	271	270
586	251	286	271	270
587	252	286	272	271
588	253	286	272	271
589	253	287	273	272
590	254	287	273	272
591	254	288	274	273
592	255	288	274	274
593	256	289	275	274
594	257	289	275	275
595	258	290	276	275
596	258	290	276	276
597	259	291	277	276
598	260	291	277	277
599	260	292	278	277
600	261	292	279	278
601	262	293	279	279
601.00002	262	293	279	279
602	262	293	279	279
603	262	293	279	279
604	262	293	279	279
605	262	293	279	279
605.00002	262	293	279	279
606	262	293	280	279
607	263	294	280	280
608	264	294	281	280
609	264	295	281	281
610	265	295	282	281
611	266	296	282	282
612	267	296	283	283
613	267	297	283	283
614	268	297	284	284
615	269	298	284	284
616	270	298	285	285
617	270	299	286	285
618	271	299	286	286
618.00002	271	299	286	286
619	271	299	286	286
620	271	299	286	286
620.00002	271	299	286	286
621	272	300	287	286
622	273	300	287	287
623	273	301	288	288
624	274	301	288	288
625	274	302	289	289
626	275	302	290	289
627	276	303	290	290
628	277	303	291	290
629	278	304	291	291
630	278	304	292	292
631	278	305	292	292
632	279	305	293	293
633	280	306	293	293
634	281	306	294	294
635	281	307	295	294
636	282	307	295	295
637	283	307	296	295
638	283	308	296	296
639	284	308	297	297
640	285	309	297	297
641	286	309	298	298
642	286	310	298	298
643	287	311	299	299
644	288	311	300	299
645	288	312	300	300
646	289	313	301	301
647	290	313	301	301
648	290	314	302	302
649	291	315	303	302
650	291	316	303	303
651	291	317	304	304
652	292	318	304	304
653	293	318	305	305
654	293	319	306	306
655	293	320	306	306
656	294	321	307	307
657	294	321	307	308
658	295	322	308	308
659	296	322	309	309
660	296	323	310	310
661	297	324	310	310
662	298	325	311	311
663	298	325	311	312
664	299	326	312	312
665	299	327	313	313
666	300	328	313	313
666.00002	300	328	313	313
667	300	328	313	313
668	300	328	313	313
669	300	328	313	313
670	300	328	313	313
671	300	328	313	313
672	300	328	313	313
673	300	328	313	313
674	300	328	313	313
675	300	328	313	313
676	300	328	313	313
676.00002	300	328	313	313
677	300	328	314	314
678	301	329	314	315
679	302	330	315	315
680	302	331	316	316
681	303	332	316	317
682	304	332	317	317
683	305	333	318	318
684	305	333	318	319
685	306	334	319	319
686	306	335	320	320
687	307	336	320	320
688	308	336	321	321
689	308	337	322	322
690	309	338	322	322
691	309	338	323	323
692	310	339	323	324
693	311	339	324	324
694	311	340	325	325
695	312	340	325	326
696	312	341	326	326
697	313	342	327	327
698	314	342	327	328
699	314	343	328	328
700	315	343	329	329
701	315	344	329	329
702	316	345	330	330
703	317	345	330	331
704	317	346	331	331
705	318	346	332	332
706	318	347	332	333
707	319	348	333	333
708	320	348	334	334
709	320	349	334	335
710	321	349	335	335
711	322	350	336	336
712	322	351	336	336
713	323	352	337	337
714	324	352	338	338
715	324	353	338	338
716	325	354	339	339
717	325	355	339	340
718	326	355	340	340
719	327	356	341	341
720	327	357	341	341
721	328	358	342	342
722	328	358	342	343
723	329	359	343	343
724	329	359	343	344
725	330	360	344	344
726	330	361	345	345
727	331	362	345	345
728	331	362	346	346
729	332	363	346	347
730	332	364	347	347
731	333	365	348	348
732	334	366	348	348
733	334	366	349	349
734	335	367	349	350
735	335	368	350	350
736	336	369	350	351
737	336	369	351	351
738	337	370	351	352
739	337	371	352	352
740	338	372	352	353
741	338	372	353	354
742	339	373	354	354
743	340	374	354	355
744	340	374	355	355
745	341	375	355	356
746	341	376	356	357
747	342	376	356	357
748	342	377	357	358
749	343	378	358	358
750	343	379	358	359
751	344	380	359	360
752	344	380	359	360
753	345	381	360	361
754	345	382	361	362
755	346	383	361	362
756	346	383	362	363
757	347	384	362	363
758	347	384	363	364
759	348	385	364	365
760	348	386	364	365
761	349	386	365	366
762	349	387	366	367
763	350	388	366	367
764	350	389	367	368
765	351	390	367	368
766	351	391	368	369
767	352	391	369	370
768	352	392	369	370
769	353	393	370	371
770	353	394	370	372
771	354	395	371	372
772	354	395	372	373
773	355	396	372	373
774	355	397	373	374
775	356	398	373	375
776	356	399	374	375
777	357	399	375	376
778	357	400	375	377
778.00002	357	400	375	377
779	357	400	375	377
780	357	400	375	377
781	357	400	375	377
782	357	400	375	377
783	357	400	375	377
784	357	400	375	377
785	357	400	375	377
786	357	400	375	377
786.00002	357	400	375	377
787	358	401	376	377
788	358	402	377	378
789	359	403	377	379
790	359	403	378	379
791	360	404	379	380
792	361	405	379	381
793	361	406	380	381
794	362	406	381	382
795	363	407	382	383
796	364	408	382	383
797	364	409	383	384
798	365	410	384	385
799	365	411	384	386
800	366	411	385	386
801	367	412	386	387
802	367	413	387	388
803	368	414	387	388
804	368	416	388	389
805	369	416	389	390
806	370	418	389	390
807	370	419	390	391
808	371	419	391	392
809	371	420	391	393
810	372	420	392	393
811	373	421	393	394
812	374	422	394	395
813	374	423	394	395
814	375	424	395	396
815	376	425	396	397
816	377	426	397	398
817	377	427	397	398
818	378	427	398	399
819	379	428	399	400
820	379	429	400	401
821	380	429	400	401
822	381	430	401	402
823	382	431	402	403
824	382	432	403	404
825	383	432	403	404
826	383	433	404	405
827	384	434	405	406
828	384	435	406	407
829	385	435	406	407
830	386	436	407	408
831	387	437	408	409
832	387	438	409	410
833	388	439	409	410
834	389	440	410	411
835	390	440	411	412
836	391	441	412	413
837	391	442	412	413
838	392	442	413	414
839	393	443	414	415
840	394	444	414	416
841	394	444	415	416
842	395	445	416	417
843	396	445	417	418
844	396	446	417	418
845	398	447	418	419
846	398	447	419	420
847	399	448	420	421
848	400	449	421	421
849	400	450	421	422
850	401	451	422	423
851	402	451	423	424
852	402	452	424	424
853	403	452	424	425
854	404	453	425	426
855	405	454	426	427
856	406	454	427	427
857	406	455	427	428
858	407	456	428	429
859	407	456	429	430
860	408	457	429	430
861	409	458	430	431
862	410	458	431	432
863	411	459	432	433
864	411	460	433	433
865	412	461	433	434
866	413	462	434	435
867	414	463	435	436
868	415	463	436	437
869	415	464	437	437
870	416	465	437	438
871	417	466	438	439
872	417	467	439	440
873	418	467	439	440
874	419	468	440	441
875	420	469	441	442
876	420	469	442	442
877	421	470	442	443
878	422	471	443	444
879	422	472	444	445
880	423	472	445	445
881	424	473	445	446
882	425	474	446	447
883	425	474	447	448
884	426	475	448	448
885	427	476	448	449
886	428	476	449	450
887	429	477	450	451
888	430	477	451	451
889	430	478	451	452
890	431	479	452	453
891	432	480	453	454
892	432	481	453	454
893	433	481	454	455
894	433	482	455	456
895	434	483	455	456
896	435	483	456	457
897	435	484	457	458
898	436	485	457	458
899	436	485	458	459
900	437	486	459	460
901	437	487	459	460
902	438	487	460	461
903	438	488	461	461
904	439	489	461	462
905	440	489	462	463
906	440	490	463	463
907	441	491	463	464
908	441	492	464	465
909	442	492	465	465
910	443	493	465	466
911	443	494	466	467
912	444	494	466	467
913	444	495	467	468
914	445	496	468	468
915	446	497	468	469
916	446	498	469	470
917	447	498	470	470
918	448	499	470	471
919	448	500	471	472
920	449	500	472	472
921	450	501	472	473
922	450	501	473	474
923	451	502	474	474
924	452	502	474	475
925	452	503	475	476
926	453	504	475	476
927	453	505	476	477
928	454	505	477	477
929	454	506	477	478
930	455	506	478	479
931	456	507	479	479
932	456	508	479	480
933	457	508	480	481
934	457	509	481	481
935	458	509	482	482
936	459	510	482	483
937	460	511	483	483
938	460	512	484	484
939	460	512	484	485
940	461	513	485	485
941	462	514	485	486
942	462	514	486	487
943	463	515	487	487
944	464	516	487	488
945	465	517	488	489
946	465	517	489	489
947	466	517	489	490
948	466	518	490	491
949	467	519	491	491
950	468	519	491	492
951	469	520	492	492
952	469	521	493	493
953	470	521	493	494
954	471	522	494	494
955	471	523	495	495
956	472	524	495	496
957	472	524	496	496
958	473	525	496	497
959	473	526	497	498
960	474	527	498	498
961	475	527	498	499
962	476	528	499	500
963	476	529	500	500
964	477	530	500	501
965	477	530	501	502
966	478	531	502	502
967	479	531	502	503
968	479	532	503	504
969	480	532	504	504
970	481	533	504	505
971	482	534	505	506
972	482	535	506	506
973	483	536	506	507
974	483	537	507	508
975	484	537	508	508
976	485	538	508	509
977	486	538	509	510
978	486	539	510	510
979	487	540	510	511
980	487	540	511	511
981	488	541	512	512
982	489	542	512	513
983	490	542	513	513
984	490	543	514	514
985	491	543	514	515
986	492	544	515	516
987	493	544	516	516
988	493	545	516	517
989	494	546	517	517
990	495	546	518	518
991	495	547	518	519
992	496	548	519	519
993	497	549	520	520
994	497	549	520	521
995	498	550	521	521
996	499	550	521	522
997	499	551	522	523
998	500	552	523	523
999	501	552	523	524
1000	502	553	524	525
1001	502	554	525	525
1002	503	554	525	526
1003	503	555	526	527
1003.00002	503	555	526	527
1004	503	555	526	527
1004.00002	503	555	526	527
1005	504	556	527	527
1006	505	556	527	528
1007	506	556	528	528
1008	506	557	528	529
1009	507	558	529	530
1010	508	558	530	530
1011	508	559	531	531
1012	509	560	531	532
1013	510	561	532	532
1014	511	561	533	533
1015	511	562	533	534
1016	512	563	534	534
1017	513	563	534	535
1018	514	564	535	536
1019	514	565	536	536
1020	515	566	536	537
1021	516	566	537	538
1022	517	567	538	538
1023	517	567	538	539
1024	518	568	539	540
1025	519	569	540	540
1026	519	569	540	541
1027	520	570	541	542
1028	520	570	542	542
1029	521	571	542	543
1030	521	572	543	544
1031	522	572	544	544
1032	523	573	544	545
1033	523	574	545	545
1034	524	575	545	546
1035	525	576	546	546
1036	526	576	546	547
1037	526	577	547	547
1038	527	578	547	548
1039	528	578	548	549
1040	528	579	548	549
1041	529	580	549	550
1042	529	580	549	550
1043	530	581	550	551
1044	530	582	550	551
1045	531	582	551	552
1046	531	583	551	552
1047	532	584	552	553
1048	533	585	552	553
1049	533	585	553	554
1050	533	586	553	554
1051	534	587	554	555
1052	534	587	554	555
1053	535	588	555	556
1054	536	588	555	556
1055	536	588	555	557
1056	537	589	556	557
1057	537	589	556	558
1058	538	590	557	558
1059	538	590	557	559
1060	539	591	557	559
1061	539	591	558	559
1062	540	592	558	560
1063	541	592	559	560
1064	541	592	559	561
1065	542	593	560	561
1066	542	594	560	562
1067	543	594	561	562
1068	543	595	561	563
1069	544	595	561	563
1070	544	596	562	564
1071	544	596	562	564
1072	545	597	563	565
1073	546	597	563	565
1074	546	598	564	566
1075	546	598	564	566
1076	547	599	564	566
1077	547	599	565	567
1078	548	600	565	567
1079	548	601	566	568
1080	549	601	566	568
1081	549	601	566	569
1082	550	602	567	569
1083	550	602	567	570
1084	551	603	568	570
1085	551	603	568	571
1086	552	604	569	571
1087	552	604	569	571
1088	553	605	569	572
1089	553	606	570	572
1090	553	606	570	573
1091	554	607	571	573
1092	554	607	571	574
1093	555	608	571	574
1094	555	608	572	575
1095	556	609	572	575
1096	556	610	573	576
1097	557	610	573	576
1098	557	611	574	577
1099	557	611	574	577
1100	558	612	575	577
1101	558	612	575	578
1102	559	613	575	578
1103	559	613	576	579
1104	560	614	576	579
1105	561	615	577	580
1106	561	615	577	580
1107	561	616	577	581
1108	562	617	578	581
1109	563	618	578	582
1110	563	618	579	582
1111	564	619	579	583
1112	564	619	580	583
1113	564	620	580	584
1114	565	620	580	584
1115	565	620	581	584
1116	566	621	581	585
1117	567	621	582	585
1118	567	622	582	586
1119	567	622	583	586
1120	568	623	583	587
1121	568	623	584	587
1122	569	624	584	588
1123	569	624	585	588
1124	570	624	586	589
1125	570	625	586	589
1126	570	626	587	590
1127	571	626	587	590
1128	571	626	588	591
1129	572	627	588	591
1130	572	627	589	592
1131	572	627	589	592
1132	573	628	590	593
1133	573	628	590	593
1134	574	629	591	594
1135	574	629	592	594
1136	575	630	592	595
1137	575	630	593	596
1138	575	631	593	596
1139	576	631	594	597
1140	576	632	594	597
1141	576	633	595	598
1142	577	633	595	598
1143	577	633	596	599
1144	577	634	596	599
1145	577	634	597	600
1146	578	635	597	600
1147	578	635	598	601
1148	578	635	599	601
1149	579	636	599	602
1150	579	636	600	602
1151	580	637	600	603
1152	580	637	601	603
1153	580	638	601	604
1154	581	638	602	604
1155	581	639	602	605
1156	581	639	603	605
1157	582	640	603	606
1158	582	640	604	606
1159	583	641	604	607
1160	583	641	605	607
1161	583	642	606	608
1162	584	642	606	608
1163	584	643	607	609
1164	585	643	607	610
1165	585	644	608	610
1166	585	644	608	611
1167	585	645	609	611
1168	586	645	609	612
1169	586	646	610	612
1170	587	646	610	613
1171	587	647	611	613
1172	587	647	611	614
1173	588	647	612	614
1174	588	648	612	615
1175	589	648	613	615
1176	589	648	613	616
1177	589	649	614	616
1178	590	649	614	617
1179	590	650	615	617
1180	590	650	615	618
1181	591	651	616	618
1182	591	651	616	619
1183	592	652	617	619
1184	592	652	617	620
1185	593	653	618	620
1186	593	653	618	621
1187	594	654	619	621
1188	594	654	620	622
1189	595	655	620	622
1190	595	656	621	623
1191	596	656	621	623
1192	596	657	622	624
1193	597	658	622	624
1194	597	658	623	625
1195	597	659	623	625
1196	598	660	624	626
1197	599	660	624	626
1198	599	661	625	627
1199	599	661	626	628
1200	600	662	626	628
1201	600	663	627	629
1202	601	663	627	629
1203	601	664	628	630
1204	602	664	628	630
1205	602	665	629	631
1206	603	666	629	631
1207	603	667	630	632
1208	603	667	630	632
1209	604	668	631	633
1210	604	668	631	633
1211	605	668	632	634
1212	605	669	632	634
1213	606	670	633	635
1214	606	670	633	635
1215	607	671	634	636
1216	607	671	634	636
1217	607	672	635	637
1218	608	672	636	637
1219	608	673	636	638
1220	609	674	637	638
1221	609	674	637	639
1222	609	675	638	639
1223	610	675	638	640
1224	611	676	639	640
1225	611	677	639	641
1226	612	677	640	641
1227	612	678	640	642
1228	613	679	641	642
1229	613	679	641	643
1230	614	680	642	643
1231	614	680	642	644
1232	614	681	643	644
1233	615	681	644	645
1234	615	682	644	645
1235	615	682	645	646
1236	616	683	645	646
1237	617	684	646	647
1238	617	684	646	647
1239	617	685	647	648
1240	618	686	647	648
1241	618	686	648	649
1242	618	687	648	649
1243	619	687	649	650
1244	619	688	649	650
1245	620	689	650	651
1246	620	689	650	651
1247	621	690	651	652
1248	621	690	651	653
1249	622	691	652	653
1250	622	691	652	654
1251	623	692	653	654
1252	623	692	653	655
1253	623	693	654	655
1254	624	694	654	656
1255	624	694	655	656
1256	624	695	655	657
1257	625	695	656	657
1258	626	695	656	658
1259	626	696	657	658
1260	627	696	657	659
1261	627	697	658	659
1262	628	698	658	660
1263	628	698	659	660
1264	628	699	659	661
1265	629	700	660	661
1266	629	700	661	662
1267	630	701	661	662
1268	630	701	662	663
1269	631	702	662	663
1270	631	703	663	664
1271	632	703	663	664
1272	632	704	664	665
1273	632	704	664	665
1274	633	704	665	666
1275	634	705	665	666
1276	634	706	666	667
1277	634	706	666	667
